 ,N_remaining,>90% genotype rate removed ,N_remaining,hwe<1e-5 removed,N_remaining,maf <0.01 removed,N_remaining
chr1,63487,4089,59398,16010,43388,8722,34666
chr2,61966,4598,57368,16067,41301,6381,34920
chr3,52300,3640,48660,13016,35644,5757,29887
chr4,47443,3018,44425,12594,31831,3932,27899
chr5,46314,3699,42615,11456,31159,4056,27103
chr6,53695,4166,49529,14867,34662,4974,29688
chr7,42722,2658,40064,11081,28983,4845,24138
chr8,38591,2205,36386,10173,26213,3416,22797
chr9,34310,2429,31881,8861,23020,3811,19209
chr10,38308,2772,35536,9887,25649,3730,21919
chr11,40824,3113,37711,9782,27929,6139,21790
chr12,37302,2432,34870,9437,25433,4570,20863
chr13,26806,3062,23744,6682,17062,1827,15235
chr14,25509,1681,23828,6600,17228,3165,14063
chr15,24467,1544,22923,6855,16068,2878,13190
chr16,28960,1985,26975,7679,19296,4379,14917
chr17,28835,3231,25604,6933,18671,4828,13843
chr18,21962,1432,20530,5794,14736,1546,13190
chr19,26186,2703,23483,6233,17250,5958,11292
chr20,19959,1171,18788,5228,13560,2126,11434
chr21,11342,727,10615,3079,7536,998,6538
chr22,12968,771,12197,3542,8655,1768,6887
Total,784256,57126,727130,201856,525274,89806,435468